hall1,hall2,hall3,acc_x,acc_y,acc_z,gyro_x,gyro_y,gyro_z,quat1,quat2,quat3,quat4
17.40620,37.76560,25.81250,0.88200,-0.35450,0.40870,3.35060,3.60140,-5.93220,0.66400,0.14850,-0.52190,0.51450
17.46880,37.75000,25.89060,0.88100,-0.36070,0.40980,1.48900,0.85480,-6.66460,0.66390,0.14890,-0.52240,0.51400
17.20310,37.32810,25.81250,0.87870,-0.36810,0.41200,0.66500,-1.58660,-6.57300,0.66370,0.14890,-0.52300,0.51370
16.93750,37.32810,25.59380,0.87840,-0.37300,0.41190,1.06170,-3.20400,-5.74910,0.66330,0.14890,-0.52360,0.51350
16.70310,37.25000,25.21880,0.88110,-0.37500,0.40920,2.46550,-3.93640,-4.37580,0.66280,0.14900,-0.52430,0.51340
16.89060,37.18750,25.39060,0.88570,-0.37400,0.40810,4.29660,-3.96700,-2.81940,0.66220,0.14920,-0.52490,0.51350
16.79690,37.18750,25.26560,0.89030,-0.37060,0.40900,5.85300,-3.63130,-1.44610,0.66160,0.14960,-0.52540,0.51360
16.78120,37.14060,25.35940,0.89430,-0.36710,0.41070,6.82960,-3.20400,-0.59160,0.66100,0.15000,-0.52600,0.51370
16.68750,37.17190,25.37500,0.89910,-0.36410,0.41420,7.28730,-2.99040,-0.25590,0.66040,0.15070,-0.52640,0.51380
16.93750,37.31250,25.39060,0.90430,-0.36050,0.41760,7.59250,-2.99040,-0.01180,0.66000,0.15160,-0.52670,0.51380
16.87500,37.31250,25.28120,0.90970,-0.35650,0.41760,7.89770,-2.99040,0.44600,0.65970,0.15280,-0.52690,0.51370
17.10940,37.39060,25.75000,0.91340,-0.35170,0.41650,8.11130,-2.77680,1.23950,0.65940,0.15410,-0.52690,0.51360
16.95310,37.60940,25.54690,0.91450,-0.34650,0.41520,7.86720,-2.28850,2.15500,0.65920,0.15530,-0.52690,0.51350
17.18750,37.56250,25.78120,0.91450,-0.34070,0.41260,6.95160,-1.67810,2.76530,0.65900,0.15640,-0.52680,0.51350
17.18750,37.62500,25.57810,0.91460,-0.33520,0.41030,5.36470,-1.18990,2.88740,0.65890,0.15740,-0.52670,0.51340
17.40620,37.64060,25.92190,0.91440,-0.33150,0.40900,3.22850,-0.70160,2.64330,0.65890,0.15830,-0.52670,0.51320
17.23440,37.65620,25.87500,0.91520,-0.33200,0.40910,0.90910,0.00030,2.46020,0.65890,0.15910,-0.52680,0.51280
17.35940,37.75000,25.92190,0.91730,-0.33590,0.41030,-0.98290,0.97690,2.58220,0.65890,0.15960,-0.52700,0.51250
17.39060,37.76560,25.79690,0.91770,-0.33850,0.41180,-2.20360,1.98400,2.91790,0.65900,0.16000,-0.52710,0.51210
17.51560,37.73440,26.03120,0.91610,-0.33810,0.41180,-2.84450,2.77740,3.19260,0.65920,0.16040,-0.52720,0.51160
17.34380,37.67190,25.96880,0.91440,-0.33520,0.40970,-3.42430,3.29620,3.28410,0.65940,0.16070,-0.52730,0.51120
17.43750,37.81250,26.01560,0.91350,-0.33230,0.40720,-4.40090,3.63190,3.10100,0.65960,0.16090,-0.52740,0.51070
17.40620,37.81250,25.84380,0.91260,-0.33020,0.40500,-5.95730,3.72350,2.70430,0.65980,0.16100,-0.52770,0.51020
17.56250,37.87500,25.93750,0.91040,-0.32970,0.40360,-7.72730,3.47930,2.06340,0.66010,0.16110,-0.52800,0.50950
17.48440,37.76560,25.89060,0.90690,-0.33120,0.40270,-9.19220,2.86900,1.30050,0.66030,0.16110,-0.52840,0.50870
17.48440,37.78120,26.04690,0.90260,-0.33440,0.40280,-9.98560,1.98400,0.62910,0.66060,0.16110,-0.52900,0.50780
17.37500,37.85940,25.85940,0.89720,-0.33870,0.40330,-9.95510,1.16000,0.35440,0.66030,0.16000,-0.53000,0.50750
17.56250,37.89060,25.95310,0.89110,-0.34250,0.40270,-9.10060,0.61070,0.56810,0.66030,0.15870,-0.53030,0.50760
17.48440,37.81250,25.85940,0.88560,-0.34480,0.40210,-7.72730,0.58020,1.02580,0.66020,0.15740,-0.53050,0.50780
17.53120,37.82810,26.03120,0.88150,-0.34500,0.40390,-6.35400,1.09900,1.51410,0.66040,0.15630,-0.53040,0.50810
17.39060,37.90620,25.89060,0.87820,-0.34410,0.40650,-5.46900,1.89240,1.72770,0.66060,0.15540,-0.53010,0.50830
17.48440,38.00000,25.90620,0.87440,-0.34270,0.40940,-5.22490,2.62480,1.57510,0.66100,0.15460,-0.52970,0.50850
17.43750,37.90620,25.75000,0.87030,-0.34110,0.41340,-5.56060,2.86900,1.05630,0.66150,0.15380,-0.52920,0.50870
17.50000,37.90620,25.87500,0.86740,-0.34060,0.41570,-6.17090,2.56380,0.14080,0.66200,0.15310,-0.52870,0.50870
17.40620,37.89060,25.75000,0.86690,-0.34310,0.41630,-6.68970,1.89240,-1.01880,0.66240,0.15240,-0.52840,0.50870
17.42190,37.92190,25.76560,0.86960,-0.34820,0.41650,-6.78130,1.00740,-2.30060,0.66290,0.15160,-0.52810,0.50860
17.40620,37.82810,25.67190,0.87440,-0.35300,0.41560,-6.38460,0.09190,-3.52130,0.66320,0.15080,-0.52800,0.50860
17.53120,37.84380,25.79690,0.87880,-0.35630,0.41370,-5.62160,-0.61000,-4.43680,0.66330,0.14990,-0.52820,0.50860
17.39060,37.82810,25.81250,0.88260,-0.35680,0.41310,-4.85870,-0.85420,-4.98610,0.66330,0.14910,-0.52850,0.50850
17.45310,37.92190,25.92190,0.88670,-0.35650,0.41260,-4.49250,-0.54900,-5.07770,0.66310,0.14840,-0.52900,0.50840
17.40620,37.98440,25.78120,0.88840,-0.36090,0.41240,-4.70610,0.33600,-4.83350,0.66300,0.14760,-0.52960,0.50820
17.50000,37.92190,25.85940,0.88570,-0.37060,0.41410,-5.31640,1.55670,-4.43680,0.66300,0.14660,-0.52980,0.50820
17.39060,37.87500,25.79690,0.88040,-0.38070,0.41750,-6.07940,2.74690,-4.34530,0.66310,0.14550,-0.53000,0.50810
17.46880,37.90620,25.89060,0.87630,-0.38910,0.42140,-6.59820,3.41830,-4.71150,0.66340,0.14440,-0.53000,0.50810
17.39060,37.95310,25.76560,0.87470,-0.40030,0.42490,-6.50660,3.41830,-5.16920,0.66360,0.14330,-0.53010,0.50800
17.48440,37.92190,25.87500,0.87520,-0.41670,0.42730,-5.43850,2.89950,-5.13870,0.66380,0.14230,-0.53020,0.50800
17.39060,37.79690,25.78120,0.87870,-0.43740,0.42710,-3.51590,2.28910,-4.34530,0.66380,0.14140,-0.53030,0.50800
17.39060,37.78120,25.93750,0.88600,-0.46270,0.42460,-1.59330,1.86190,-3.09400,0.66370,0.14050,-0.53050,0.50820
16.85940,37.37500,25.42190,0.89120,-0.47800,0.42410,-1.04400,1.73980,-2.45320,0.66350,0.13970,-0.53080,0.50850
17.03120,37.51560,25.37500,0.90590,-0.51900,0.42740,-1.71540,1.77030,-1.29350,0.66330,0.13890,-0.53100,0.50870
17.04690,37.51560,25.39060,0.92950,-0.58270,0.43820,-5.07230,2.41120,-0.07280,0.66310,0.13770,-0.53150,0.50890
17.15620,37.54690,25.60940,0.96010,-0.67110,0.46350,-9.61940,3.93710,2.15500,0.66290,0.13610,-0.53200,0.50900
17.01560,37.51560,25.51560,0.98950,-0.77580,0.51170,-10.90120,6.13440,7.52610,0.66260,0.13400,-0.53240,0.50940
17.10940,37.68750,25.60940,1.01280,-0.89340,0.58210,-3.66850,8.02650,18.39030,0.66190,0.13180,-0.53250,0.51080
17.18750,37.71880,25.59380,1.03570,-1.00340,0.65490,14.36740,8.20960,35.51070,0.66020,0.12980,-0.53190,0.51410
17.23440,37.62500,25.78120,1.06480,-1.04730,0.70880,39.81910,6.83630,57.20870,0.65730,0.12830,-0.53040,0.51980
16.89060,37.48440,25.56250,1.09500,-0.99940,0.74740,63.74480,5.55450,80.43260,0.65290,0.12720,-0.52810,0.52790
16.87500,37.57810,25.51560,1.12640,-0.91020,0.77880,76.98950,5.55450,102.46630,0.64740,0.12580,-0.52520,0.53780
16.84380,37.54690,25.68750,1.16370,-0.84170,0.80660,75.73830,7.26350,121.72290,0.64110,0.12340,-0.52230,0.54860
17.09380,37.79690,25.82810,1.20720,-0.82990,0.84560,62.37160,11.81060,137.04269,0.63430,0.11950,-0.51980,0.55970
16.84380,37.82810,25.85940,1.25490,-0.88260,0.89340,44.27460,21.24060,147.38811,0.62750,0.11350,-0.51760,0.57050
17.09380,38.01560,26.21880,1.30410,-0.95650,0.93160,32.86110,37.17070,153.09489,0.62110,0.10590,-0.51510,0.58110
17.09380,38.26560,26.00000,1.33470,-0.97970,0.97010,37.53020,58.65510,156.63499,0.61540,0.09730,-0.51100,0.59220
17.32810,38.34380,26.54690,1.31410,-0.92250,1.02760,56.32910,82.27570,161.39571,0.61030,0.08850,-0.50440,0.60430
17.56250,38.70310,26.56250,1.24590,-0.81710,1.09140,76.37910,103.97370,169.02510,0.60560,0.07960,-0.49540,0.61760
17.53120,38.84380,26.81250,1.16800,-0.72380,1.13760,87.48750,121.36870,179.06540,0.60080,0.07010,-0.48480,0.63170
17.73440,39.00000,26.90620,1.11910,-0.70120,1.15070,89.86790,134.82700,189.25830,0.59570,0.05950,-0.47310,0.64630
17.78120,39.32810,27.01560,1.10960,-0.74220,1.14700,88.73870,147.67490,195.17870,0.59060,0.04800,-0.46070,0.66080
17.78120,39.18750,27.15620,1.10520,-0.76170,1.16010,88.34200,162.96420,193.43919,0.58580,0.03580,-0.44730,0.67490
17.95310,39.53120,27.37500,1.06320,-0.70300,1.18720,89.89840,180.05400,185.90131,0.58190,0.02310,-0.43270,0.68820
17.75000,39.45310,27.20310,0.98000,-0.60800,1.21000,92.58400,196.77769,177.23430,0.57870,0.00990,-0.41680,0.70090
18.04690,39.62500,27.56250,0.88330,-0.53700,1.24110,94.90330,210.93781,170.03220,0.57600,-0.00390,-0.39980,0.71300
17.95310,39.65620,27.39060,0.80240,-0.49060,1.30290,92.52290,220.58141,164.56950,0.57370,-0.01810,-0.38220,0.72420
18.01560,39.54690,27.70310,0.75020,-0.44540,1.37480,81.17040,226.44080,159.83929,0.57140,-0.03320,-0.36480,0.73440
18.01560,39.71880,27.60940,0.72790,-0.41170,1.41470,63.43970,231.96440,154.46820,0.56920,-0.04920,-0.34800,0.74330
17.92190,39.65620,27.62500,0.73060,-0.40510,1.42040,46.19720,240.02110,147.38811,0.56730,-0.06620,-0.33190,0.75080
17.90620,39.59380,27.70310,0.74820,-0.43110,1.40520,35.51610,251.22099,138.04980,0.56580,-0.08410,-0.31590,0.75690
17.90620,39.56250,27.65620,0.76630,-0.45810,1.36530,35.63820,266.14410,126.36150,0.56520,-0.10250,-0.29920,0.76190
17.68750,39.37500,27.70310,0.76060,-0.43590,1.30920,45.52580,285.88901,113.39160,0.56560,-0.12130,-0.28080,0.76580
17.87500,39.56250,27.70310,0.71770,-0.36260,1.25540,58.98410,309.57059,101.27610,0.56720,-0.14060,-0.26040,0.76860
17.57810,39.43750,27.45310,0.65280,-0.27660,1.23030,69.51270,334.77820,91.54100,0.56950,-0.16070,-0.23780,0.77030
17.79690,39.28120,27.62500,0.59530,-0.22430,1.23590,73.63250,358.12411,83.30120,0.57230,-0.18190,-0.21370,0.77050
17.57810,39.29690,27.34380,0.56280,-0.21190,1.22650,73.23580,376.12949,75.12250,0.57540,-0.20390,-0.18870,0.76920
17.45310,39.06250,27.56250,0.55470,-0.20520,1.17120,73.66310,389.77081,67.24900,0.57850,-0.22650,-0.16290,0.76650
17.42190,39.25000,27.23440,0.54600,-0.17490,1.08550,77.41670,403.47321,60.32150,0.58160,-0.24940,-0.13620,0.76220
17.35940,39.12500,27.17190,0.51390,-0.13150,1.01450,86.69410,419.06769,54.43160,0.58470,-0.27250,-0.10810,0.75640
17.32810,38.90620,27.07810,0.45900,-0.10100,1.00370,104.36370,434.60120,48.78580,0.58790,-0.29530,-0.07800,0.74910
17.23440,38.95310,27.06250,0.40230,-0.08580,1.02270,128.13690,447.63220,41.85840,0.59130,-0.31720,-0.04570,0.74010
17.06250,38.81250,26.98440,0.37500,-0.07940,1.00930,152.03220,459.19830,32.45890,0.59490,-0.33810,-0.01140,0.72910
17.21880,39.06250,26.93750,0.37780,-0.08870,0.94420,172.41789,471.49689,20.06880,0.59890,-0.35810,0.02440,0.71590
17.00000,38.87500,26.67190,0.38640,-0.10730,0.82580,188.34810,484.00909,4.96260,0.60310,-0.37750,0.06120,0.70000
17.18750,38.84380,26.87500,0.40350,-0.12940,0.67000,197.38130,496.91809,-12.43240,0.60730,-0.39650,0.09850,0.68130
16.92190,38.82810,26.59380,0.42430,-0.19190,0.49550,194.97040,510.92560,-31.47540,0.61120,-0.41590,0.13550,0.65960
16.90620,38.76560,26.70310,0.42760,-0.33760,0.30830,179.46750,522.88849,-51.00660,0.61410,-0.43630,0.17100,0.63500
16.93750,38.82810,26.42190,0.41140,-0.58180,0.11520,152.36790,526.94733,-69.92750,0.61550,-0.45800,0.20410,0.60810
16.89060,38.75000,26.34380,0.35960,-0.89920,-0.06860,115.10590,519.37903,-86.43750,0.61510,-0.48070,0.23370,0.57960
16.78120,38.70310,26.40620,0.28770,-1.21110,-0.22150,71.06910,497.77261,-96.26420,0.61240,-0.50410,0.25910,0.55110
16.73440,38.81250,26.29690,0.23160,-1.43870,-0.37090,30.57220,454.77328,-93.91440,0.60770,-0.52650,0.28000,0.52450
16.57810,38.84380,26.18750,0.14870,-1.56250,-0.54070,-0.64720,385.98669,-75.20710,0.60150,-0.54640,0.29630,0.50190
16.87500,39.06250,26.28120,-0.00470,-1.57560,-0.68630,-24.72560,307.19031,-36.51080,0.59390,-0.56250,0.30910,0.48520
16.67190,38.95310,26.14060,-0.18020,-1.49360,-0.74370,-36.53590,245.39220,22.57120,0.58440,-0.57470,0.32090,0.47450
16.89060,38.89060,26.45310,-0.28470,-1.37190,-0.71800,-28.32670,206.69591,94.98950,0.57320,-0.58260,0.33460,0.46910
16.62500,38.93750,26.00000,-0.29440,-1.23880,-0.66470,-1.83740,174.13361,169.84911,0.56100,-0.58540,0.35150,0.46800
16.75000,38.82810,26.10940,-0.26460,-1.07330,-0.60760,33.01360,136.53600,238.39160,0.54870,-0.58260,0.37130,0.47080
16.92190,38.82810,25.90620,-0.25070,-0.85320,-0.53750,64.23310,94.20810,296.25290,0.53660,-0.57420,0.39310,0.47730
16.67190,38.59380,25.85940,-0.28390,-0.58690,-0.43750,83.94750,50.78160,342.18179,0.52450,-0.56110,0.41580,0.48700
16.65620,38.54690,25.67190,-0.36080,-0.28890,-0.29910,91.42430,10.25420,376.42249,0.51220,-0.54410,0.43830,0.49950
16.71880,38.68750,25.56250,-0.47350,0.00680,-0.13010,91.57690,-26.33630,400.89761,0.49930,-0.52340,0.46040,0.51460
16.68750,38.37500,25.53120,-0.59290,0.26130,0.01370,94.20140,-57.64740,416.33951,0.48630,-0.49920,0.48130,0.53170
16.82810,38.45310,25.51560,-0.64500,0.46610,0.11440,113.45800,-79.00970,417.04141,0.47450,-0.47230,0.50140,0.54810
16.45310,38.31250,25.26560,-0.59580,0.63870,0.18510,155.75529,-82.79390,397.51019,0.46480,-0.44360,0.52170,0.56130
16.68750,38.39060,25.34380,-0.50970,0.84480,0.20050,209.89349,-65.67350,359.79050,0.45760,-0.41460,0.54320,0.56890
16.46880,38.35940,25.00000,-0.45750,1.15580,0.13390,255.09010,-35.21700,309.46701,0.45250,-0.38720,0.56560,0.57050
16.43750,38.15620,25.17190,-0.46230,1.54290,-0.00020,273.24799,-2.16640,247.36369,0.44870,-0.36340,0.58760,0.56690
16.20310,38.23440,25.03120,-0.52530,1.86770,-0.11250,257.77560,25.05530,168.04849,0.44660,-0.34520,0.60680,0.55960
16.06250,38.21880,24.96880,-0.63310,1.98660,-0.12680,210.93111,41.38220,68.71380,0.44680,-0.33480,0.62110,0.55010
16.07810,38.25000,24.87500,-0.74780,1.84630,-0.06060,141.59520,48.98100,-40.78320,0.44960,-0.33320,0.62890,0.53970
16.21880,38.28120,24.87500,-0.82230,1.51550,0.02020,66.12520,53.00940,-141.64380,0.45480,-0.34030,0.63020,0.52940
16.01560,38.14060,24.95310,-0.84400,1.11400,0.07120,0.26830,53.43660,-223.12579,0.46160,-0.35430,0.62580,0.51930
16.17190,38.35940,25.10940,-0.82450,0.71140,0.07940,-50.05520,47.42460,-286.38870,0.47000,-0.37340,0.61650,0.50950
16.04690,38.45310,24.84380,-0.77270,0.30980,0.04420,-86.34060,38.33040,-333.66049,0.47970,-0.39590,0.60300,0.49950
16.40620,38.45310,25.20310,-0.69690,-0.10580,-0.03200,-109.04570,33.90540,-365.73441,0.49030,-0.42150,0.58630,0.48800
16.29690,38.48440,25.09380,-0.60560,-0.49660,-0.13620,-114.11160,34.48520,-384.89951,0.50080,-0.44790,0.56810,0.47520
16.21880,38.48440,25.53120,-0.50160,-0.80150,-0.25700,-100.83650,32.47100,-389.38559,0.51140,-0.47330,0.54950,0.46100
16.28120,38.89060,25.48440,-0.41910,-1.00310,-0.37550,-78.37550,21.72880,-368.45050,0.52190,-0.49560,0.53160,0.44650
16.40620,39.04690,25.68750,-0.38130,-1.14690,-0.45070,-56.43340,4.42540,-314.06821,0.53150,-0.51330,0.51550,0.43380
16.59380,39.03120,25.93750,-0.37050,-1.25250,-0.47360,-35.31520,-9.12440,-231.21291,0.53920,-0.52550,0.50300,0.42440
16.56250,39.14060,26.17190,-0.39280,-1.27410,-0.46340,-12.12190,-10.10100,-135.35719,0.54430,-0.53220,0.49560,0.41830
16.31250,39.07810,26.31250,-0.47490,-1.23130,-0.41760,7.50090,-1.61710,-42.61430,0.54650,-0.53420,0.49350,0.41540
16.56250,39.28120,26.23440,-0.57930,-1.20010,-0.33810,16.99190,7.53820,39.81370,0.54570,-0.53250,0.49600,0.41550
16.42190,39.07810,25.87500,-0.63870,-1.16940,-0.25770,20.59300,11.93270,112.59810,0.54240,-0.52750,0.50210,0.41880
16.73440,38.87500,26.12500,-0.67000,-1.05810,-0.18680,25.59790,8.08750,177.02071,0.53700,-0.51930,0.51110,0.42510
16.42190,38.81250,25.85940,-0.72760,-0.82780,-0.11370,32.58640,-6.13370,231.46410,0.53050,-0.50760,0.52200,0.43410
16.40620,38.70310,25.82810,-0.81760,-0.50380,-0.03730,39.63600,-29.17450,274.21921,0.52350,-0.49250,0.53370,0.44560
16.51560,38.78120,25.40620,-0.92420,-0.13810,0.04890,45.73950,-57.00650,306.53729,0.51660,-0.47380,0.54530,0.45970
16.62500,38.48440,25.43750,-1.00970,0.21000,0.15500,49.67620,-85.87610,329.48651,0.50930,-0.45170,0.55680,0.47610
16.70310,38.48440,25.35940,-1.02400,0.46060,0.25660,54.89470,-108.70330,340.13708,0.50220,-0.42740,0.56730,0.49310
16.78120,38.62500,25.35940,-0.94250,0.60040,0.30710,74.42600,-115.29510,333.30121,0.49600,-0.40190,0.57770,0.50860
16.89060,38.70310,25.06250,-0.79200,0.71560,0.29610,115.25850,-100.46350,305.65231,0.49120,-0.37630,0.58900,0.51990
17.14060,38.70310,25.06250,-0.66930,0.92810,0.23070,164.08659,-68.63370,259.29611,0.48780,-0.35210,0.60190,0.52510
17.10940,38.62500,24.96880,-0.66090,1.28670,0.13230,196.80150,-29.96790,198.77969,0.48580,-0.33120,0.61580,0.52450
17.03120,38.70310,25.20310,-0.76730,1.68240,0.05060,195.76390,5.52400,126.30050,0.48480,-0.31570,0.62890,0.51950
16.85940,38.79690,25.00000,-0.91350,1.92040,0.02560,158.25780,31.40290,42.25510,0.48500,-0.30750,0.63870,0.51210
16.95310,38.87500,24.95310,-1.01760,1.88750,0.04150,95.60520,47.88240,-46.97830,0.48650,-0.30760,0.64400,0.50390
16.93750,38.59380,24.87500,-1.03750,1.64090,0.05930,26.26930,58.10580,-128.88750,0.48910,-0.31570,0.64440,0.49590
16.85940,38.59380,25.09380,-0.98850,1.29870,0.05820,-35.28470,60.76080,-197.00270,0.49280,-0.33020,0.64010,0.48820
16.65620,38.59380,25.04690,-0.91400,0.93700,0.02970,-82.25130,55.66440,-253.88750,0.49760,-0.34960,0.63180,0.48070
16.73440,38.78120,25.04690,-0.83680,0.56390,-0.02160,-114.72200,49.13360,-302.86819,0.50340,-0.37260,0.61990,0.47270
16.81250,38.73440,24.96880,-0.76180,0.18190,-0.09250,-138.12891,48.21810,-343.76181,0.50970,-0.39920,0.60530,0.46300
16.93750,38.70310,25.25000,-0.68540,-0.17220,-0.19740,-156.68359,54.59630,-374.49301,0.51630,-0.42850,0.58790,0.45180
16.73440,38.79690,25.37500,-0.60150,-0.48550,-0.32180,-168.34129,60.91340,-392.77301,0.52220,-0.45900,0.56890,0.43940
16.81250,39.07810,25.57810,-0.52470,-0.76260,-0.40260,-168.95171,54.32160,-391.21661,0.52750,-0.48850,0.54860,0.42680
16.85940,39.21880,25.54690,-0.47800,-1.03570,-0.41870,-159.15550,29.11410,-357.76929,0.53250,-0.51430,0.52820,0.41570
16.96880,39.14060,25.89060,-0.47270,-1.27820,-0.40790,-139.25810,-4.21110,-288.25031,0.53700,-0.53430,0.50950,0.40820
16.70310,39.14060,26.04690,-0.46050,-1.42410,-0.41230,-108.58790,-23.19300,-195.11060,0.54000,-0.54760,0.49500,0.40420
16.70310,39.32810,26.29690,-0.42330,-1.46890,-0.44070,-74.19460,-14.31240,-97.48490,0.54080,-0.55530,0.48670,0.40280
16.68750,39.40620,26.09380,-0.43010,-1.42470,-0.44300,-48.07160,7.78230,-6.35940,0.53860,-0.55870,0.48470,0.40350
16.85940,39.28120,26.18750,-0.50640,-1.33450,-0.37660,-33.08740,19.89780,78.14380,0.53360,-0.55810,0.48790,0.40700
16.71880,39.03120,26.03120,-0.62170,-1.18950,-0.26070,-18.65260,17.51740,160.72430,0.52650,-0.55320,0.49550,0.41380
16.65620,39.03120,26.07810,-0.68950,-1.07580,-0.19440,-8.64290,12.05480,201.80099,0.51860,-0.54570,0.50500,0.42220
16.59380,39.04690,25.71880,-0.84610,-0.76160,-0.05700,16.44260,-8.54460,278.36960,0.50980,-0.53260,0.51780,0.43380
16.96880,39.14060,25.70310,-1.00930,-0.38730,0.06590,43.78630,-41.62560,338.12299,0.50130,-0.51370,0.53260,0.44850
17.07810,38.93750,25.60940,-1.12730,-0.00670,0.15370,67.25440,-78.67400,377.91791,0.49320,-0.48950,0.54810,0.46550
17.10940,38.92190,25.75000,-1.14890,0.33610,0.22970,81.23140,-109.06950,400.37881,0.48530,-0.46160,0.56340,0.48370
16.96880,38.89060,25.45310,-1.05250,0.55650,0.28900,88.31150,-125.15230,405.47531,0.47750,-0.43170,0.57780,0.50180
17.21880,39.03120,25.26560,-0.84480,0.65880,0.26700,107.96480,-121.21550,389.54510,0.47010,-0.40150,0.59180,0.51730
17.31250,38.84380,24.93750,-0.58910,0.77990,0.17350,154.38200,-94.90930,346.82050,0.46420,-0.37210,0.60680,0.52710
17.39060,38.75000,25.00000,-0.44880,1.07510,0.04530,203.85100,-51.39130,281.57391,0.45990,-0.34590,0.62320,0.52960
17.09380,38.71880,24.85940,-0.52210,1.55540,-0.08570,215.78340,-6.07270,204.18140,0.45660,-0.32520,0.63920,0.52640
17.07810,38.85940,24.82810,-0.72650,1.97470,-0.14130,172.93671,25.69610,113.60520,0.45430,-0.31250,0.65170,0.52090
17.04690,38.79690,24.60940,-0.93290,2.08580,-0.11000,90.26460,41.99250,12.53100,0.45320,-0.30950,0.65800,0.51550
17.18750,38.67190,24.79690,-1.04730,1.90090,-0.04940,1.51950,52.00230,-80.54770,0.45340,-0.31580,0.65820,0.51130
16.90620,38.62500,24.85940,-1.03600,1.57240,-0.01400,-68.64040,60.24200,-153.54570,0.45440,-0.32940,0.65350,0.50790
16.82810,38.76560,24.90620,-0.95450,1.21550,-0.02500,-115.45440,62.34770,-209.78960,0.45630,-0.34810,0.64490,0.50480
16.79690,38.82810,24.70310,-0.86430,0.87100,-0.06470,-140.44830,55.45080,-254.43680,0.45940,-0.36970,0.63330,0.50120
17.03120,38.79690,24.85940,-0.77930,0.54560,-0.11220,-145.60570,44.40340,-287.60941,0.46410,-0.39270,0.61960,0.49650
16.87500,38.68750,24.90620,-0.70710,0.25630,-0.16990,-137.15240,36.07210,-309.03281,0.47000,-0.41640,0.60480,0.48980
16.82810,38.76560,25.10940,-0.64530,-0.01220,-0.26560,-126.34920,33.23400,-321.20929,0.47710,-0.44020,0.58900,0.48130
16.68750,39.00000,25.04690,-0.58850,-0.28670,-0.37990,-118.87230,34.05790,-325.14609,0.48420,-0.46380,0.57280,0.47160
16.95310,39.04690,25.28120,-0.53920,-0.54740,-0.44840,-110.84620,30.51790,-318.18799,0.49120,-0.48610,0.55630,0.46150
16.96880,38.98440,25.37500,-0.52310,-0.76750,-0.44500,-100.98900,12.69560,-294.96420,0.49820,-0.50570,0.53990,0.45240
16.93750,39.14060,25.81250,-0.53980,-0.95540,-0.38530,-91.52860,-19.34780,-251.59869,0.50510,-0.52120,0.52390,0.44580
16.76560,39.34380,25.81250,-0.56440,-1.09950,-0.31090,-79.16900,-50.68940,-190.59399,0.51150,-0.53180,0.50950,0.44260
16.96880,39.48440,25.92190,-0.58590,-1.18700,-0.24730,-60.00390,-64.97160,-118.75570,0.51650,-0.53770,0.49830,0.44240
16.93750,39.32810,25.87500,-0.60070,-1.20010,-0.18100,-35.31520,-60.24140,-41.14950,0.51940,-0.53920,0.49190,0.44430
16.64060,38.84380,25.90620,-0.62540,-1.11550,-0.10710,-8.88700,-48.37000,36.70090,0.52000,-0.53660,0.49070,0.44810
16.26560,38.79690,25.46880,-0.69460,-0.95400,-0.02150,15.43550,-42.99890,109.05810,0.51880,-0.53000,0.49390,0.45390
16.48440,38.95310,25.50000,-0.81110,-0.73720,0.07880,37.19450,-47.36300,175.76950,0.51600,-0.51910,0.50080,0.46200
16.45310,38.81250,25.23440,-0.93930,-0.46940,0.18050,59.71650,-57.12860,236.04170,0.51210,-0.50380,0.51070,0.47230
16.68750,38.67190,25.29690,-1.04750,-0.17210,0.26810,83.61180,-68.08440,284.71719,0.50740,-0.48420,0.52300,0.48430
16.51560,38.60940,25.25000,-1.10060,0.11620,0.34160,103.60080,-76.38520,318.07291,0.50180,-0.46130,0.53700,0.49710
16.62500,38.70310,25.14060,-1.07400,0.34920,0.38650,119.65300,-79.16230,333.24020,0.49570,-0.43630,0.55170,0.50950
16.79690,38.78120,24.92190,-0.95220,0.49440,0.38510,143.27370,-72.50940,325.85489,0.48990,-0.41040,0.56700,0.51970
17.12500,38.70310,24.87500,-0.78190,0.60970,0.34760,179.28439,-50.81140,293.56729,0.48520,-0.38520,0.58320,0.52550
17.03120,38.62500,24.76560,-0.69190,0.82760,0.26340,213.37250,-14.49550,239.82590,0.48160,-0.36250,0.60030,0.52560
17.04690,38.67190,24.82810,-0.74580,1.20760,0.14020,221.12399,24.99420,170.79510,0.47890,-0.34470,0.61700,0.52070
16.96880,38.76560,24.60940,-0.88440,1.58330,0.04680,186.91380,52.06330,88.67230,0.47720,-0.33390,0.63050,0.51310
17.09380,38.68750,24.70310,-1.02760,1.73880,0.04050,115.89940,61.37120,-1.81230,0.47680,-0.33130,0.63840,0.50530
17.01560,38.65620,24.70310,-1.09360,1.63600,0.08740,30.14500,62.59190,-86.28500,0.47750,-0.33700,0.64010,0.49870
16.95310,38.70310,24.96880,-1.03740,1.36100,0.10690,-43.34130,64.51450,-153.05740,0.47890,-0.34950,0.63650,0.49330
16.68750,38.64060,24.70310,-0.92970,1.02380,0.05360,-90.67410,65.85730,-202.49590,0.48070,-0.36680,0.62920,0.48830
16.81250,38.73440,24.73440,-0.82090,0.68590,-0.05060,-113.68440,66.34550,-240.67340,0.48300,-0.38690,0.61960,0.48270
16.79690,38.67190,24.68750,-0.71370,0.36160,-0.16440,-119.02490,67.44420,-272.04550,0.48600,-0.40900,0.60860,0.47540
16.84380,38.71880,25.01560,-0.62920,0.04750,-0.28320,-116.33940,68.54280,-297.52759,0.49010,-0.43280,0.59620,0.46590
16.67190,38.81250,25.07810,-0.57730,-0.24390,-0.39510,-112.28050,69.45830,-314.58701,0.49470,-0.45720,0.58260,0.45470
16.75000,39.01560,25.14060,-0.54500,-0.49300,-0.47550,-105.23100,68.08500,-318.73740,0.49950,-0.48110,0.56840,0.44260
16.79690,39.00000,25.20310,-0.53230,-0.68690,-0.50720,-92.93240,58.10580,-305.06549,0.50440,-0.50300,0.55420,0.43060
16.98440,39.12500,25.53120,-0.54660,-0.83370,-0.49560,-78.43660,35.49230,-269.87869,0.50940,-0.52130,0.54060,0.42010
16.78120,39.21880,25.70310,-0.56280,-0.94720,-0.46230,-64.12380,7.81280,-215.22169,0.51410,-0.53510,0.52850,0.41240
16.76560,39.28120,25.87500,-0.56340,-1.03710,-0.42410,-49.59740,-10.58930,-148.02200,0.51780,-0.54430,0.51900,0.40780
16.68750,39.35940,25.78120,-0.55160,-1.10350,-0.37290,-34.61330,-13.97670,-75.51230,0.51980,-0.54930,0.51320,0.40600
16.78120,39.21880,25.92190,-0.55680,-1.10360,-0.30150,-18.71370,-10.25360,-2.94150,0.51970,-0.55040,0.51150,0.40650
16.50000,39.12500,25.82810,-0.60440,-1.01400,-0.21730,-5.28590,-11.47430,66.08930,0.51800,-0.54770,0.51360,0.40970
16.54690,39.10940,25.85940,-0.69070,-0.86150,-0.12640,4.96800,-19.71400,130.51190,0.51480,-0.54140,0.51870,0.41570
16.40620,39.10940,25.59380,-0.79590,-0.65370,-0.03430,19.73850,-29.81530,189.96021,0.51070,-0.53110,0.52650,0.42430
16.46880,38.98440,25.60940,-0.88510,-0.39480,0.05360,40.52100,-40.58810,241.59590,0.50590,-0.51670,0.53670,0.43470
16.35940,38.84380,25.40620,-0.93320,-0.13970,0.11260,59.31980,-51.14710,283.58810,0.50050,-0.49850,0.54890,0.44680
16.32810,38.78120,25.56250,-0.91700,0.05490,0.12480,71.64890,-55.69430,314.83810,0.49410,-0.47750,0.56250,0.45980
16.23440,38.73440,25.15620,-0.82590,0.18470,0.10870,78.11860,-53.03920,330.18839,0.48660,-0.45510,0.57680,0.47270
16.26560,38.68750,25.06250,-0.69610,0.28160,0.06960,81.62810,-48.58370,322.04019,0.47860,-0.43270,0.59070,0.48460
16.23440,38.50000,24.79690,-0.59460,0.38210,0.00540,85.07660,-41.25940,288.77609,0.47120,-0.41180,0.60350,0.49420
16.20310,38.43750,24.87500,-0.56830,0.52480,-0.07150,78.36280,-28.62520,237.56760,0.46460,-0.39420,0.61450,0.50120
15.98440,38.34380,24.62500,-0.60920,0.70210,-0.14610,46.16670,-17.39470,175.43381,0.45870,-0.38160,0.62220,0.50680
16.00000,38.37500,24.62500,-0.65410,0.81440,-0.20010,-10.93170,-14.77020,104.72460,0.45390,-0.37520,0.62510,0.51240
15.84380,38.21880,24.42190,-0.65330,0.78450,-0.23040,-79.53520,-18.85950,31.72650,0.45020,-0.37530,0.62230,0.51880
15.79690,38.12500,24.45310,-0.60940,0.65040,-0.24750,-146.00250,-24.50530,-33.33700,0.44750,-0.38130,0.61420,0.52640
15.50000,38.00000,24.34380,-0.55120,0.49540,-0.25900,-202.64310,-31.98210,-85.97980,0.44570,-0.39200,0.60120,0.53490
15.39060,37.96880,24.21880,-0.51080,0.35870,-0.26250,-245.36771,-43.24310,-127.51420,0.44480,-0.40610,0.58420,0.54400
15.14060,37.70310,23.89060,-0.50040,0.23530,-0.25120,-267.12671,-56.70130,-159.16090,0.44510,-0.42190,0.56400,0.55300
15.06250,37.42190,23.71880,-0.51740,0.12830,-0.21820,-261.42001,-70.40370,-180.73689,0.44710,-0.43770,0.54230,0.56080
14.71880,37.06250,23.29690,-0.54690,0.05980,-0.17470,-232.61140,-85.29630,-191.50960,0.45130,-0.45190,0.52040,0.56680
14.56250,36.68750,22.98440,-0.57570,0.02950,-0.13560,-191.83990,-102.90490,-191.35699,0.45760,-0.46350,0.49940,0.57130
14.17190,36.25000,22.32810,-0.59300,0.02030,-0.09790,-150.58009,-124.11470,-182.47639,0.46580,-0.47160,0.47960,0.57500
13.98440,35.70310,21.87500,-0.59200,0.00540,-0.06010,-119.48270,-148.89490,-169.50639,0.47540,-0.47660,0.46070,0.57850
13.60940,35.14060,21.25000,-0.59420,-0.03840,-0.02370,-102.72850,-175.14011,-156.13969,0.48590,-0.47880,0.44170,0.58280
13.34380,34.70310,20.92190,-0.62630,-0.09700,0.02030,-97.08280,-202.60590,-144.69560,0.49710,-0.47870,0.42180,0.58810
12.96880,34.25000,20.31250,-0.66550,-0.15520,0.05720,-100.56180,-235.77850,-137.73759,0.50880,-0.47650,0.40020,0.59490
12.76560,33.87500,20.04690,-0.65810,-0.19610,0.05710,-108.92360,-272.36899,-134.92999,0.52080,-0.47240,0.37630,0.60330
12.28120,33.23440,19.54690,-0.59620,-0.19660,0.01770,-113.47070,-295.59290,-132.48860,0.53260,-0.46690,0.35120,0.61240
11.73440,32.59380,19.29690,-0.49970,-0.18340,0.02200,-116.00370,-290.55750,-128.91800,0.54350,-0.46120,0.32600,0.62100
10.93750,31.92190,18.53120,-0.37320,-0.17430,0.04990,-121.46630,-278.59460,-126.04940,0.55330,-0.45600,0.30070,0.62890
10.28120,31.25000,17.95310,-0.23850,-0.18930,0.04120,-128.21069,-279.29651,-124.40140,0.56230,-0.45060,0.27470,0.63660
9.37500,30.37500,17.15620,-0.12390,-0.27170,0.06300,-134.43629,-279.81531,-123.11970,0.57070,-0.44490,0.24790,0.64410
8.59380,29.54690,16.39060,-0.04280,-0.41000,0.13340,-138.76981,-283.29431,-122.60090,0.57840,-0.43860,0.22040,0.65150
7.62500,28.70310,15.35940,-0.02190,-0.55310,0.22150,-136.84720,-303.06970,-122.78400,0.58610,-0.43070,0.19170,0.65900
6.82810,27.87500,14.42190,-0.07530,-0.67320,0.31900,-123.29740,-335.54041,-123.21120,0.59420,-0.41970,0.16200,0.66670
5.65620,26.81250,13.28120,-0.15950,-0.72400,0.42850,-100.92800,-369.53699,-122.29570,0.60280,-0.40510,0.13150,0.67470
4.56250,25.50000,12.40620,-0.19210,-0.65170,0.52420,-79.74880,-394.37830,-116.16170,0.61130,-0.38720,0.10100,0.68280
3.07810,24.00000,11.10940,-0.11580,-0.51720,0.58120,-69.06770,-402.43500,-105.41950,0.61870,-0.36740,0.07100,0.69080
1.76560,22.37500,9.78120,0.02820,-0.42480,0.60620,-71.23440,-394.86661,-94.67730,0.62450,-0.34740,0.04150,0.69830
0.25000,20.53120,8.07810,0.15630,-0.41260,0.63280,-79.77930,-375.70160,-84.02670,0.62850,-0.32850,0.01290,0.70490
-1.00000,18.51560,6.50000,0.21880,-0.47120,0.70520,-88.11060,-349.94470,-71.30080,0.63070,-0.31130,-0.01450,0.71070
-2.26560,16.37500,4.68750,0.19040,-0.58480,0.83490,-92.35260,-326.26309,-57.41530,0.63130,-0.29550,-0.04050,0.71590
-3.29690,14.20310,3.01560,0.12530,-0.70760,0.97570,-87.19510,-311.95029,-46.91730,0.63090,-0.28010,-0.06520,0.72060
-4.28120,12.04690,0.98440,0.09670,-0.76100,1.06880,-72.18050,-308.19669,-44.23170,0.63020,-0.26390,-0.08860,0.72490
-4.92190,10.12500,-0.79690,0.12410,-0.71400,1.08660,-53.07640,-309.57001,-48.07700,0.62960,-0.24630,-0.11080,0.72850
-5.62500,8.07810,-2.65620,0.19780,-0.61430,1.04390,-36.23070,-308.92911,-53.81430,0.62920,-0.22740,-0.13190,0.73140
-6.20310,6.39060,-4.12500,0.27930,-0.52520,0.98640,-26.80080,-303.64960,-58.30030,0.62890,-0.20800,-0.15200,0.73360
-6.90620,4.92190,-5.65620,0.33460,-0.45460,0.96610,-24.72560,-295.89810,-61.99300,0.62850,-0.18870,-0.17140,0.73480
-7.39060,3.65620,-6.79690,0.33250,-0.39460,1.01450,-27.13650,-288.45181,-64.03760,0.62790,-0.16980,-0.19030,0.73540
-7.87500,2.54690,-7.90620,0.30570,-0.40180,1.12560,-29.48640,-285.09491,-61.59620,0.62670,-0.15110,-0.20880,0.73540
-8.21880,1.64060,-8.46880,0.32200,-0.50990,1.26300,-24.17630,-289.39789,-55.55380,0.62470,-0.13190,-0.22690,0.73550
-8.68750,0.96880,-9.10940,0.38100,-0.65730,1.39630,-6.62870,-298.06479,-50.85400,0.62200,-0.11110,-0.24420,0.73560
-8.84380,0.50000,-9.50000,0.47290,-0.74960,1.48410,20.98970,-304.16840,-51.55600,0.61900,-0.08840,-0.26010,0.73580
-9.06250,0.00000,-9.98440,0.59000,-0.72080,1.47460,52.57540,-304.71771,-57.11020,0.61610,-0.06370,-0.27370,0.73580
-9.09380,-0.48440,-10.17190,0.69960,-0.59510,1.37700,78.57640,-297.05780,-63.42730,0.61350,-0.03790,-0.28500,0.73550
-9.50000,-0.98440,-10.81250,0.77880,-0.45010,1.24920,89.44060,-278.99139,-66.02130,0.61110,-0.01260,-0.29440,0.73470
-9.51560,-1.37500,-11.10940,0.84420,-0.36170,1.13330,83.06250,-252.86830,-63.33570,0.60880,0.01060,-0.30260,0.73330
-9.81250,-1.76560,-11.57810,0.86310,-0.35000,1.08990,74.85320,-238.00630,-60.61970,0.60640,0.03230,-0.31040,0.73140
-9.81250,-2.23440,-11.73440,0.85630,-0.36590,1.04080,54.22340,-208.00751,-54.85190,0.60410,0.05090,-0.31790,0.72900
-10.09380,-2.67190,-12.12500,0.81890,-0.37900,1.01640,34.90570,-182.22009,-50.97610,0.60230,0.06660,-0.32510,0.72610
-10.15620,-2.79690,-12.14060,0.79140,-0.40980,1.01500,22.14940,-165.58810,-49.60280,0.60070,0.08060,-0.33210,0.72280
-10.23440,-2.89060,-12.45310,0.78010,-0.47630,1.04740,19.21970,-161.80389,-48.87040,0.59910,0.09420,-0.33900,0.71920
-10.06250,-3.01560,-12.43750,0.80380,-0.57120,1.08820,27.88670,-169.49429,-47.13090,0.59640,0.10750,-0.34650,0.71600
-10.07810,-3.26560,-12.65620,0.84770,-0.62590,1.10400,48.39450,-181.54880,-45.14730,0.59290,0.12200,-0.35300,0.71340
-10.00000,-3.37500,-12.60940,0.89120,-0.58990,1.07760,77.84400,-192.10780,-43.16360,0.58840,0.13870,-0.35820,0.71150
-10.23440,-3.56250,-13.03120,0.93560,-0.48150,1.02020,107.50700,-196.59390,-39.10480,0.58340,0.15850,-0.36120,0.71000
-10.09380,-3.62500,-13.10940,0.97610,-0.34190,0.96850,127.00780,-191.07021,-30.71250,0.57770,0.17860,-0.36220,0.70940
-10.09380,-3.70310,-13.28120,1.01420,-0.22320,0.94370,130.91400,-177.88660,-17.46780,0.57130,0.19750,-0.36230,0.70950
-10.06250,-3.70310,-13.10940,1.02890,-0.15190,0.95120,120.81270,-161.77341,-2.45320,0.56450,0.21430,-0.36220,0.71010
-10.20310,-3.64060,-13.15620,1.01980,-0.12420,0.97820,103.57030,-145.50751,9.05200,0.55780,0.22860,-0.36240,0.71090
-10.14060,-3.59380,-13.07810,1.00800,-0.13340,1.00240,86.84660,-130.37080,13.75170,0.55140,0.24080,-0.36280,0.71160
-10.17190,-3.57810,-13.15620,1.00070,-0.15540,1.00600,76.07390,-117.82800,11.18820,0.54570,0.25160,-0.36320,0.71200
-10.00000,-3.53120,-12.85940,0.99880,-0.16080,0.98440,71.86250,-107.66570,2.88740,0.54090,0.26170,-0.36310,0.71210
-10.20310,-3.43750,-12.82810,0.99660,-0.13670,0.95020,71.19110,-98.14420,-8.19050,0.53700,0.27150,-0.36240,0.71180
-10.25000,-3.35940,-12.65620,0.99540,-0.10170,0.91000,70.51970,-90.39270,-19.14630,0.53400,0.28120,-0.36100,0.71100
-10.37500,-3.42190,-12.82810,1.00290,-0.08370,0.86570,66.64400,-84.83850,-28.05740,0.53180,0.29060,-0.35940,0.70960
-10.34380,-3.42190,-12.71880,1.01260,-0.09030,0.83150,58.22120,-78.79610,-33.97780,0.53040,0.29950,-0.35780,0.70780
-10.48440,-3.34380,-12.67190,1.01910,-0.11610,0.81300,47.17380,-71.92960,-36.54130,0.52950,0.30740,-0.35650,0.70570
-10.53120,-3.25000,-12.51560,1.01980,-0.14730,0.80530,36.43160,-65.85660,-36.48030,0.52910,0.31430,-0.35550,0.70350
-10.56250,-3.14060,-12.62500,1.01680,-0.17290,0.80130,27.45940,-60.94330,-34.98490,0.52890,0.32010,-0.35510,0.70120
-10.54690,-3.01560,-12.45310,1.01620,-0.18750,0.79700,20.44040,-56.94550,-33.18440,0.52880,0.32510,-0.35500,0.69900
-10.65620,-2.96880,-12.46880,1.01690,-0.19340,0.78970,14.73360,-53.61910,-31.62800,0.52890,0.32960,-0.35520,0.69680
-10.68750,-2.75000,-12.14060,1.01610,-0.19280,0.78170,9.30150,-50.47570,-30.22420,0.52910,0.33350,-0.35570,0.69450
-10.75000,-2.59380,-12.15620,1.01360,-0.19020,0.77730,3.50310,-47.24090,-28.75930,0.52940,0.33690,-0.35640,0.69220
-10.73440,-2.43750,-12.04690,1.00630,-0.18980,0.77540,-2.47830,-44.67740,-26.65360,0.52990,0.33980,-0.35740,0.68990
-10.81250,-2.35940,-12.06250,0.99740,-0.18990,0.77520,-7.75780,-42.99890,-23.41870,0.53030,0.34220,-0.35880,0.68770
-10.75000,-2.21880,-11.82810,0.99090,-0.19540,0.77250,-10.74860,-41.19840,-18.62750,0.53060,0.34420,-0.36050,0.68560
-10.92190,-2.15620,-11.87500,0.98490,-0.20200,0.76670,-9.98560,-37.13960,-11.82210,0.53060,0.34570,-0.36210,0.68400
-10.78120,-1.87500,-11.71880,0.98130,-0.20530,0.75200,-5.31640,-29.29650,-3.91800,0.53010,0.34680,-0.36340,0.68310
-10.78120,-1.95310,-11.79690,0.97520,-0.20340,0.72410,1.48900,-18.15760,2.67380,0.52950,0.34720,-0.36400,0.68310
-10.64060,-1.92190,-11.54690,0.95820,-0.18730,0.69210,7.01270,-5.49280,5.60350,0.52890,0.34710,-0.36370,0.68380
-10.79690,-1.89060,-11.59380,0.93430,-0.16000,0.66320,7.65350,6.31750,3.83340,0.52880,0.34640,-0.36270,0.68470
-10.62500,-1.84380,-11.54690,0.90710,-0.13840,0.63940,2.34350,14.49620,-1.38510,0.52950,0.34530,-0.36130,0.68550
-10.60940,-1.92190,-11.73440,0.87980,-0.13350,0.62000,-7.42210,17.79210,-7.58010,0.53090,0.34370,-0.36030,0.68570
-10.37500,-1.98440,-11.68750,0.85930,-0.14630,0.60440,-19.01880,17.21220,-12.92070,0.53300,0.34160,-0.35980,0.68540
-10.51560,-2.06250,-11.78120,0.84930,-0.17470,0.58980,-29.24220,14.00790,-16.18610,0.53530,0.33920,-0.36030,0.68450
-10.40620,-2.01560,-11.73440,0.84790,-0.20590,0.57400,-35.37630,10.07110,-16.73540,0.53750,0.33670,-0.36160,0.68330
-10.28120,-1.87500,-11.93750,0.85020,-0.22970,0.55820,-36.81060,7.87390,-15.30110,0.53950,0.33430,-0.36330,0.68210
-10.00000,-1.98440,-11.84380,0.85210,-0.24210,0.54310,-34.73540,8.81990,-13.19540,0.54120,0.33180,-0.36500,0.68090
-9.96880,-2.01560,-11.85940,0.84870,-0.24220,0.53160,-31.10380,12.32940,-11.48640,0.54290,0.32930,-0.36650,0.68010
-9.85940,-1.90620,-11.71880,0.83580,-0.24340,0.52500,-27.74690,16.29670,-10.29620,0.54440,0.32670,-0.36760,0.67950
-9.87500,-1.82810,-11.85940,0.81480,-0.25370,0.52270,-25.30550,19.04330,-9.35010,0.54590,0.32390,-0.36850,0.67910
-9.71880,-1.84380,-11.87500,0.79500,-0.26700,0.52140,-22.86400,19.56210,-8.67880,0.54740,0.32120,-0.36910,0.67890
-9.76560,-1.95310,-12.00000,0.78700,-0.28020,0.51560,-19.20190,17.27330,-8.03790,0.54860,0.31890,-0.36970,0.67870
-9.64060,-2.03120,-11.81250,0.79500,-0.28110,0.50600,-13.73930,13.30600,-6.84770,0.54940,0.31700,-0.37030,0.67860
-9.75000,-1.92190,-11.93750,0.81530,-0.26740,0.49500,-7.42210,9.00300,-4.89460,0.54980,0.31570,-0.37090,0.67860
-9.64060,-1.90620,-11.90620,0.83920,-0.25100,0.48550,-2.05110,5.09680,-2.72780,0.54970,0.31510,-0.37140,0.67860
-9.62500,-1.95310,-11.96880,0.86120,-0.23810,0.48080,1.42790,2.22810,-1.23250,0.54940,0.31490,-0.37200,0.67870
-9.54690,-1.93750,-11.79690,0.87730,-0.23120,0.48370,2.92330,0.39710,-0.74420,0.54900,0.31500,-0.37250,0.67870
-9.64060,-1.89060,-11.81250,0.88570,-0.23060,0.49270,3.13690,-0.73210,-0.65260,0.54850,0.31510,-0.37310,0.67870
-9.92190,-2.15620,-11.93750,0.88810,-0.23400,0.50770,3.35060,-1.67810,-0.19490,0.54790,0.31520,-0.37370,0.67880
-9.95310,-2.17190,-12.26560,0.88070,-0.23920,0.52770,4.93750,-3.11250,1.33100,0.54710,0.31520,-0.37440,0.67910
-9.79690,-2.23440,-12.06250,0.87380,-0.24060,0.54290,8.53850,-5.95060,3.37570,0.54610,0.31520,-0.37490,0.67960
-9.89060,-2.23440,-12.15620,0.88170,-0.23590,0.54830,13.51290,-10.10100,4.74900,0.54470,0.31570,-0.37530,0.68030
-9.87500,-2.20310,-12.04690,0.89860,-0.22700,0.54880,18.33470,-14.28190,4.96260,0.54300,0.31680,-0.37570,0.68090
-9.90620,-2.17190,-12.28120,0.91560,-0.21060,0.54910,21.53900,-16.81490,3.74190,0.54120,0.31840,-0.37610,0.68140
-9.65620,-2.04690,-12.18750,0.92870,-0.19090,0.55030,22.14940,-16.99800,1.45310,0.53960,0.32060,-0.37620,0.68150
-9.62500,-2.06250,-12.09380,0.93280,-0.17610,0.55650,19.95210,-15.16690,-0.68320,0.53870,0.32330,-0.37570,0.68130
-9.62500,-1.95310,-11.89060,0.92950,-0.17530,0.56640,15.67970,-12.26770,-1.59870,0.53830,0.32470,-0.37460,0.68150
-9.65620,-1.87500,-12.04690,0.92030,-0.18680,0.57610,10.85790,-9.27700,-0.92730,0.53780,0.32510,-0.37420,0.68190
-9.48440,-1.84380,-11.95310,0.90690,-0.19430,0.58060,6.95160,-6.65250,0.65960,0.53730,0.32510,-0.37400,0.68240
-9.48440,-2.00000,-12.10940,0.89540,-0.18990,0.57790,4.32710,-4.66890,2.12450,0.53700,0.32490,-0.37380,0.68290
-9.46880,-1.92190,-11.96880,0.89050,-0.17900,0.57180,2.55710,-3.17350,3.04000,0.53680,0.32450,-0.37350,0.68340
-9.57810,-1.85940,-12.07810,0.89170,-0.16730,0.56540,0.87860,-1.76970,3.46720,0.53680,0.32420,-0.37300,0.68380
-9.46880,-1.82810,-11.98440,0.89580,-0.15680,0.56150,-1.37970,-0.27430,3.31470,0.53700,0.32410,-0.37250,0.68400
